T = 30;
P = 8;
Exec = [
[680,910,860,750,710,830,840,570],
[840,630,980,660,960,960,730,540],
[800,980,810,830,760,560,690,720],
[680,560,570,540,650,900,780,810],
[550,640,970,570,540,570,760,930],
[760,940,680,990,840,970,650,550],
[530,980,920,910,990,570,840,930],
[830,850,600,660,880,670,730,960],
[600,720,640,970,870,710,660,990],
[600,510,600,620,520,810,910,500],
[690,660,580,510,900,540,910,790],
[960,910,870,660,650,810,800,730],
[550,860,900,880,560,650,620,780],
[580,730,530,810,780,880,980,950],
[740,690,860,560,580,690,520,680],
[750,950,720,960,580,540,750,800],
[660,570,960,930,770,780,960,960],
[860,800,630,580,710,820,500,640],
[550,630,620,530,970,530,980,990],
[760,530,580,500,840,810,580,880],
[900,810,630,950,810,890,980,850],
[750,820,650,820,680,840,920,600],
[950,790,680,970,960,830,540,830],
[530,560,670,780,950,650,860,910],
[930,870,590,850,640,680,530,720],
[980,700,580,740,780,810,980,600],
[660,770,800,820,740,910,920,550],
[930,680,500,540,950,750,960,590],
[640,990,730,540,560,940,770,950],
[700,830,880,670,550,970,920,640],
];
E = 61;
Edges = [
<1,2>,
<1,3>,
<1,4>,
<1,5>,
<1,6>,
<1,7>,
<2,10>,
<2,11>,
<3,12>,
<3,8>,
<3,13>,
<4,12>,
<5,9>,
<5,10>,
<6,11>,
<6,13>,
<6,12>,
<7,8>,
<7,12>,
<7,11>,
<8,17>,
<9,18>,
<9,16>,
<10,17>,
<10,19>,
<11,16>,
<11,15>,
<12,19>,
<12,16>,
<13,16>,
<13,19>,
<13,14>,
<14,20>,
<15,23>,
<15,22>,
<15,21>,
<16,21>,
<17,23>,
<17,22>,
<17,20>,
<18,24>,
<19,20>,
<19,24>,
<19,21>,
<20,29>,
<20,28>,
<20,25>,
<21,27>,
<21,28>,
<21,25>,
<22,28>,
<23,27>,
<23,29>,
<24,27>,
<24,26>,
<24,29>,
<25,30>,
<26,30>,
<27,30>,
<28,30>,
<29,30>,
];
StartAfter = [
{2,3,4,5,6,7,8,9,10,11,12,13,14,15,16,17,18,19,20,21,22,23,24,25,26,27,28,29,30,}
{10,11,15,16,17,19,20,21,22,23,24,25,26,27,28,29,30,}
{8,12,13,14,16,17,19,20,21,22,23,24,25,26,27,28,29,30,}
{12,16,19,20,21,24,25,26,27,28,29,30,}
{9,10,16,17,18,19,20,21,22,23,24,25,26,27,28,29,30,}
{11,12,13,14,15,16,19,20,21,22,23,24,25,26,27,28,29,30,}
{8,11,12,15,16,17,19,20,21,22,23,24,25,26,27,28,29,30,}
{17,20,22,23,25,27,28,29,30,}
{16,18,21,24,25,26,27,28,29,30,}
{17,19,20,21,22,23,24,25,26,27,28,29,30,}
{15,16,21,22,23,25,27,28,29,30,}
{16,19,20,21,24,25,26,27,28,29,30,}
{14,16,19,20,21,24,25,26,27,28,29,30,}
{20,25,28,29,30,}
{21,22,23,25,27,28,29,30,}
{21,25,27,28,30,}
{20,22,23,25,27,28,29,30,}
{24,26,27,29,30,}
{20,21,24,25,26,27,28,29,30,}
{25,28,29,30,}
{25,27,28,30,}
{28,30,}
{27,29,30,}
{26,27,29,30,}
{30,}
{30,}
{30,}
{30,}
{30,}
{}
];
V = 30;
VarS = [100,93,93,101,97,93,103,91,84,89,80,104,86,95,88,85,80,96,93,82,92,84,97,83,84,97,91,92,94,84];
VarR = {
<10,2,23,2,1>,
<27,3,23,1,2>,
<22,1,25,2,3>,
<22,1,23,2,4>,
<12,1,26,2,4>,
<2,3,21,2,5>,
<18,2,24,1,6>,
<2,3,23,2,6>,
<1,1,30,2,7>,
<27,2,21,1,8>,
<17,2,20,2,8>,
<28,3,30,1,9>,
<17,3,27,1,10>,
<7,1,21,2,10>,
<15,3,28,2,10>,
<7,2,24,2,11>,
<25,3,21,1,11>,
<12,2,28,2,11>,
<10,1,21,2,12>,
<13,3,26,1,13>,
<6,2,27,1,13>,
<19,1,30,1,14>,
<21,3,28,2,14>,
<24,1,29,2,15>,
<25,2,29,2,15>,
<19,1,23,2,16>,
<9,1,29,1,17>,
<4,1,28,2,17>,
<23,1,24,2,17>,
<3,3,24,1,18>,
<2,3,29,1,18>,
<6,2,21,2,19>,
<29,3,24,1,19>,
<11,2,29,2,20>,
<15,3,21,1,20>,
<26,2,20,1,20>,
<17,3,26,2,21>,
<12,3,22,1,21>,
<30,1,21,1,22>,
<15,3,26,2,23>,
<18,2,25,1,24>,
<13,1,28,2,24>,
<20,3,29,1,25>,
<18,3,26,1,25>,
<1,2,21,2,25>,
<14,2,28,1,26>,
<18,3,26,2,27>,
<16,2,28,2,27>,
<5,2,24,2,28>,
<13,1,24,1,28>,
<3,3,28,1,28>,
<13,1,28,2,29>,
<4,3,27,2,29>,
<20,1,25,1,30>,
};
SPMS = [300,300,300,300,300,300,300,300,];
LLB = [0,498,498,498,498,498,498,959,990,990,959,959,952,1344,1411,1344,1423,1561,1454,1900,1931,1794,1794,1821,2252,2322,2401,2258,2401,2662];
SLB = [498,819,902,929,990,952,959,1559,1561,1423,1411,1461,1344,1818,1706,1828,1794,1807,1931,2288,2477,2346,2310,2322,2661,2862,2840,2668,2869,3191];
LUB = [2949,2451,2596,2736,2622,2646,2692,2297,2286,2130,2231,2305,2192,1800,1779,1968,1697,1715,1803,1326,1484,1491,1484,1469,938,1069,968,939,997,529];
SUB = [2451,2130,2192,2305,2130,2192,2231,1697,1715,1697,1779,1803,1800,1326,1484,1484,1326,1469,1326,938,938,939,968,968,529,529,529,529,529,0];
UB = 3908;
